2098,2115,2104,2110,2087,2097,2132,2132,2106,2090,2118,2130,2145,2136,2127,2142,2102,2124,2125,2129,2054,2139,2144,2143,2101,2102,2119,2105,2129,2113,2124,1
2098,2115,2104,2111,2089,2098,2131,2132,2107,2089,2117,2129,2145,2136,2127,2142,2101,2121,2125,2128,2054,2138,2144,2145,2100,2101,2117,2106,2128,2112,2125,1
2099,2115,2104,2110,2087,2097,2132,2133,2108,2087,2119,2137,2146,2136,2127,2143,2101,2125,2125,2129,2055,2139,2143,2145,2101,2101,2117,2107,2129,2113,2125,1
2099,2110,2104,2111,2088,2098,2132,2132,2108,2089,2118,2129,2145,2136,2129,2142,2101,2124,2125,2135,2054,2139,2144,2145,2101,2101,2118,2107,2127,2112,2124,1
2098,2108,2104,2110,2087,2096,2133,2133,2107,2090,2119,2130,2145,2137,2127,2141,2102,2122,2125,2131,2054,2139,2143,2144,2101,2102,2117,2107,2127,2112,2125,1
2099,2111,2104,2111,2088,2098,2132,2134,2108,2091,2118,2129,2145,2135,2128,2145,2101,2126,2125,2129,2054,2139,2143,2145,2101,2102,2119,2106,2127,2112,2126,1
2098,2109,2105,2112,2088,2098,2133,2133,2107,2087,2118,2130,2146,2137,2127,2145,2101,2126,2124,2132,2054,2138,2143,2145,2099,2102,2119,2106,2127,2113,2124,1
2100,2109,2106,2111,2087,2098,2132,2133,2107,2087,2119,2130,2144,2136,2129,2142,2102,2125,2126,2129,2054,2139,2143,2145,2101,2101,2119,2107,2128,2112,2125,1
2098,2116,2104,2112,2087,2096,2133,2133,2108,2087,2118,2130,2145,2137,2127,2142,2102,2126,2125,2129,2054,2138,2143,2144,2101,2101,2120,2108,2127,2113,2125,1
2099,2109,2104,2111,2089,2099,2133,2132,2107,2088,2117,2128,2146,2137,2128,2142,2101,2124,2125,2129,2055,2139,2144,2147,2101,2101,2119,2106,2128,2112,2126,1
2099,2109,2104,2110,2086,2098,2133,2133,2107,2087,2118,2126,2146,2137,2128,2142,2101,2123,2126,2128,2053,2140,2144,2147,2101,2101,2118,2107,2128,2113,2124,1
2099,2109,2104,2111,2087,2099,2133,2133,2106,2087,2114,2129,2145,2136,2127,2143,2103,2124,2127,2128,2054,2139,2144,2147,2101,2101,2118,2107,2128,2113,2124,1
2099,2107,2104,2111,2087,2099,2132,2133,2107,2089,2118,2130,2144,2135,2129,2143,2101,2125,2127,2130,2054,2140,2144,2146,2101,2101,2118,2106,2128,2112,2125,1
2099,2110,2105,2110,2088,2098,2133,2133,2107,2088,2116,2131,2145,2137,2128,2143,2102,2122,2127,2129,2053,2140,2144,2144,2101,2101,2118,2106,2129,2113,2125,1
2099,2109,2104,2110,2088,2098,2133,2133,2107,2087,2119,2129,2146,2137,2128,2143,2101,2129,2125,2129,2053,2140,2144,2145,2100,2101,2119,2106,2127,2114,2125,1
2099,2109,2105,2110,2087,2099,2132,2132,2106,2086,2119,2131,2144,2136,2129,2146,2101,2125,2125,2129,2055,2139,2144,2145,2101,2101,2119,2106,2128,2113,2126,1
2099,2109,2107,2111,2088,2096,2133,2134,2107,2092,2118,2129,2145,2137,2129,2143,2101,2123,2125,2127,2054,2140,2144,2145,2101,2101,2118,2106,2128,2111,2125,1
2099,2109,2104,2110,2089,2099,2133,2134,2108,2090,2118,2130,2146,2137,2128,2142,2101,2123,2126,2130,2054,2139,2144,2146,2101,2103,2119,2105,2127,2111,2126,1
2100,2109,2104,2110,2089,2098,2133,2134,2108,2083,2118,2129,2146,2137,2128,2146,2101,2123,2125,2130,2054,2141,2143,2144,2100,2101,2120,2110,2129,2113,2125,1
2099,2112,2105,2112,2089,2098,2133,2134,2107,2087,2119,2130,2145,2139,2130,2143,2101,2125,2125,2133,2055,2139,2144,2146,2101,2103,2119,2107,2127,2112,2126,1
2099,2109,2104,2112,2087,2098,2133,2134,2107,2087,2118,2130,2145,2138,2130,2146,2102,2124,2125,2129,2056,2140,2144,2146,2100,2100,2120,2114,2128,2112,2125,1
2099,2104,2104,2110,2088,2098,2133,2134,2107,2085,2119,2130,2145,2137,2129,2142,2101,2126,2127,2129,2054,2139,2144,2146,2101,2102,2119,2107,2127,2114,2126,1
2099,2116,2105,2111,2089,2099,2134,2134,2107,2090,2118,2131,2147,2139,2129,2146,2102,2123,2127,2129,2055,2141,2144,2145,2101,2101,2116,2108,2128,2114,2126,1
2100,2109,2105,2111,2088,2102,2134,2134,2106,2089,2118,2129,2145,2138,2129,2143,2102,2123,2126,2131,2054,2140,2146,2147,2101,2101,2117,2107,2129,2114,2125,1
2099,2109,2106,2112,2088,2097,2134,2134,2107,2090,2118,2129,2146,2137,2128,2146,2101,2122,2127,2125,2054,2140,2144,2146,2100,2101,2119,2107,2129,2113,2126,1
2098,2109,2107,2112,2087,2098,2133,2134,2107,2088,2118,2130,2146,2138,2129,2148,2101,2122,2127,2130,2053,2141,2145,2146,2101,2101,2118,2106,2128,2113,2125,1
2099,2115,2105,2112,2087,2099,2133,2134,2107,2089,2119,2131,2145,2139,2129,2143,2101,2123,2127,2130,2053,2141,2145,2147,2101,2102,2117,2107,2129,2114,2126,1
2099,2109,2106,2111,2087,2099,2134,2134,2107,2090,2118,2128,2146,2139,2129,2146,2101,2123,2127,2130,2054,2141,2144,2146,2101,2101,2117,2106,2130,2114,2126,1
2099,2108,2105,2112,2087,2101,2134,2134,2107,2091,2119,2130,2147,2138,2129,2144,2102,2121,2127,2129,2055,2141,2144,2146,2102,2102,2119,2107,2130,2114,2125,1
2100,2108,2106,2112,2089,2099,2134,2134,2108,2088,2119,2129,2146,2139,2129,2146,2102,2122,2127,2130,2053,2141,2144,2146,2100,2101,2116,2106,2130,2113,2125,1
2098,2108,2105,2110,2087,2098,2135,2134,2107,2092,2119,2131,2146,2138,2130,2148,2101,2122,2127,2131,2054,2141,2144,2147,2101,2101,2116,2107,2129,2112,2125,1
2098,2114,2107,2113,2087,2099,2134,2134,2107,2091,2119,2138,2147,2138,2129,2146,2102,2122,2126,2128,2053,2141,2146,2147,2101,2101,2118,2107,2131,2114,2126,1
2099,2109,2104,2112,2086,2099,2134,2134,2107,2087,2118,2129,2146,2139,2129,2144,2102,2122,2131,2131,2052,2140,2146,2147,2101,2099,2119,2110,2129,2114,2126,1
2098,2109,2106,2112,2087,2098,2134,2134,2107,2086,2119,2129,2148,2139,2130,2144,2101,2122,2127,2130,2054,2140,2144,2147,2101,2101,2117,2107,2130,2114,2126,1
2100,2109,2104,2111,2088,2098,2134,2135,2107,2092,2119,2132,2147,2138,2129,2145,2101,2123,2127,2131,2055,2140,2146,2147,2101,2103,2119,2107,2129,2114,2126,1
2100,2104,2106,2113,2088,2097,2135,2134,2107,2087,2119,2131,2147,2138,2129,2144,2102,2122,2127,2131,2054,2142,2144,2146,2101,2101,2117,2107,2129,2114,2126,1
2099,2102,2105,2112,2087,2099,2135,2134,2107,2088,2119,2130,2147,2139,2129,2146,2101,2122,2125,2130,2054,2141,2146,2146,2101,2101,2119,2109,2129,2113,2127,1
2099,2110,2106,2112,2089,2101,2135,2135,2107,2087,2119,2132,2147,2140,2130,2144,2101,2120,2125,2129,2054,2142,2144,2147,2101,2101,2117,2108,2130,2114,2126,1
2100,2101,2105,2113,2087,2097,2135,2135,2106,2090,2119,2130,2147,2138,2129,2144,2101,2122,2126,2130,2055,2141,2144,2146,2101,2101,2118,2108,2129,2113,2126,1
2099,2110,2105,2112,2088,2102,2135,2135,2107,2090,2118,2130,2147,2139,2129,2145,2101,2119,2126,2130,2057,2136,2145,2147,2100,2101,2116,2107,2129,2112,2125,1
2099,2108,2105,2113,2088,2099,2134,2135,2106,2086,2118,2128,2146,2139,2130,2144,2102,2120,2129,2130,2057,2141,2144,2147,2101,2101,2120,2108,2129,2113,2127,1
2099,2108,2106,2112,2088,2098,2135,2134,2106,2091,64839,64531,64606,64576,64665,64642,2101,2120,2126,2131,2057,2142,2145,2147,2100,2102,2118,2106,2130,2114,2125,1
2100,2108,2106,2110,2089,2098,2135,2134,2106,2091,2119,2131,2148,2139,2129,2148,2101,2118,2127,2131,2057,2141,2144,2146,2101,2102,2116,2107,2129,2114,2127,1
2099,2114,2105,2112,2089,2098,2135,2135,2106,2088,2119,2131,2146,2139,2130,2145,2101,2119,2125,2130,2057,2142,2144,2149,2100,2101,2118,2108,2130,2113,2125,1
2099,2108,2106,2113,2088,2098,2135,2136,2106,2087,2118,2129,2146,2140,2129,2146,2101,2121,2127,2131,2057,2141,2146,2146,2099,2101,2119,2107,2130,2114,2126,1
2098,2109,2105,2111,2087,2099,2134,2134,2107,2088,2119,2130,2146,2140,2130,2147,2102,2118,2127,2129,2059,2141,2145,2148,2101,2100,2116,2108,2130,2114,2127,1
2099,2109,2106,2112,2087,2099,2134,2135,2107,2091,2120,2131,2148,2139,2130,2148,2102,2121,2126,2130,2057,2141,2145,2150,2101,2101,2115,2108,2129,2115,2126,1
2098,2115,2106,2111,2089,2099,2134,2135,2107,2087,2119,2130,2147,2139,2129,2145,2102,2120,2125,2131,2057,2141,2146,2147,2101,2101,2117,2108,2129,2114,2126,1
2099,2109,2106,2112,2088,2099,2135,2135,2106,2088,2119,2131,2147,2141,2130,2148,2102,2118,2127,2130,2058,2142,2146,2148,2101,2101,2115,2108,2131,2116,2126,1
2099,2109,2106,2112,2089,2098,2135,2136,2107,2091,2119,2131,2147,2139,2130,2145,2101,2120,2128,2129,2059,2142,2145,2147,2101,2103,2116,2107,2130,2113,2126,1
2099,2113,2106,2113,2088,2098,2135,2136,2106,2090,2119,2129,2148,2139,2130,2148,2101,2118,2128,2131,2058,2141,2145,2148,2101,2102,2117,2108,2132,2114,2127,1
2099,2104,2105,2111,2089,2098,2135,2135,2107,2090,2119,2131,2147,2139,2132,2146,2101,2120,2129,2132,2057,2141,2145,2148,2100,2102,2115,2109,2131,2116,2127,1
2098,2108,2108,2113,2089,2098,2135,2136,2107,2092,2120,2131,2147,2140,2130,2148,2101,2119,2126,2130,2058,2142,2146,2149,2101,2102,2117,2109,2131,2114,2127,1
2099,2104,2106,2112,2088,2099,2135,2136,2106,2087,2120,2132,2149,2139,2130,2146,2101,2117,2128,2130,2057,2142,2147,2148,2102,2102,2117,2107,2131,2113,2127,1
2099,2107,2105,2113,2088,2099,2136,2135,2106,2090,2120,2133,2148,2139,2130,2147,2101,2117,2129,2132,2059,2142,2145,2147,2101,2103,2116,2108,2130,2116,2127,1
2098,2102,2106,2113,2089,2098,2135,2136,2106,2090,2119,2131,2148,2141,2132,2147,2102,2118,2128,2131,2059,2141,2146,2147,2101,2103,2115,2107,2132,2115,2126,1
2099,2112,2106,2112,2088,2099,2135,2136,2107,2090,2119,2132,2148,2141,2132,2146,2101,2118,2127,2131,2059,2141,2146,2147,2101,2101,2115,2107,2130,2115,2126,1
2099,2113,2107,2112,2089,2099,2135,2136,2107,2087,2119,2131,2149,2140,2130,2145,2101,2116,2128,2130,2057,2142,2146,2149,2101,2102,2115,2109,2131,2114,2127,1
2098,2108,2106,2112,2089,2100,2136,2136,2106,2088,2121,2132,2148,2141,2131,2148,2101,2118,2127,2131,2057,2143,2146,2150,2101,2101,2118,2108,2131,2115,2128,1
2099,2108,2105,2112,2089,2102,2137,2136,2106,2090,2120,2131,2148,2140,2130,2146,2101,2118,2127,2131,2059,2142,2146,2148,2101,2103,2115,2108,2132,2115,2128,1
2099,2109,2108,2112,2087,2099,2136,2136,2106,2088,2119,2133,2148,2140,2131,2148,2102,2117,2127,2131,2058,2142,2146,2147,2101,2103,2115,2106,2131,2114,2127,1
2099,2108,2106,2114,2089,2098,2135,2136,2107,2087,2120,2131,2149,2141,2131,2149,2101,2117,2128,2132,2059,2145,2147,2148,2101,2103,2115,2108,2131,2112,2128,1
2098,2108,2107,2112,2087,2098,2135,2136,2106,2088,2120,2133,2149,2140,2131,2148,2101,2117,2128,2131,2059,2143,2147,2149,2100,2101,2115,2108,2131,2116,2127,1
2099,2109,2106,2111,2088,2099,2136,2136,2106,2089,2121,2135,2148,2140,2132,2148,2102,2117,2126,2131,2057,2144,2146,2148,2101,2101,2115,2107,2131,2114,2127,1
2099,2109,2106,2112,2089,2099,2135,2136,2105,2089,2121,2132,2149,2140,2131,2148,2101,2117,2127,2131,2058,2142,2147,2150,2101,2101,2115,2108,2130,2115,2128,1
2099,2111,2107,2113,2089,2098,2136,2137,2106,2091,2122,2132,2150,2136,2131,2146,2102,2117,2128,2131,2058,2143,2146,2148,2102,2101,2113,2109,2131,2114,2127,1
2099,2104,2105,2113,2089,2099,2136,2136,2106,2087,2122,2132,2148,2140,2132,2147,2101,2117,2128,2131,2059,2144,2146,2149,2101,2101,2116,2109,2131,2113,2127,1
2097,2116,2106,2112,2089,2099,2136,2136,2106,2090,2120,2131,2148,2140,2132,2147,2101,2117,2127,2131,2057,2144,2145,2149,2101,2101,2117,2114,2131,2114,2128,1
2100,2101,2106,2112,2089,2098,2137,2136,2107,2088,2119,2131,2148,2141,2132,2146,2101,2118,2127,2134,2058,2143,2146,2149,2101,2101,2114,2109,2131,2113,2127,1
2099,2108,2106,2113,2087,2099,2135,2136,2106,2090,2121,2132,2150,2141,2131,2148,2101,2116,2127,2133,2058,2142,2146,2149,2100,2102,2117,2107,2132,2114,2127,1
2099,2108,2107,2112,2088,2099,2136,2137,2106,2087,2120,2130,2149,2141,2132,2145,2101,2116,2127,2131,2058,2142,2148,2150,2101,2103,2115,2108,2131,2116,2127,1
2098,2108,2107,2114,2088,2099,2136,2137,2106,2089,2121,2134,2148,2141,2132,2147,2101,2118,2129,2132,2058,2143,2147,2149,2100,2100,2115,2108,2133,2115,2127,1
2099,2111,2106,2112,2089,2099,2137,2137,2106,2091,2121,2132,2149,2141,2132,2148,2101,2118,2129,2133,2056,2138,2147,2149,2101,2101,2115,2108,2132,2114,2127,1
2098,2115,2107,2114,2088,2100,2136,2136,2106,2091,2121,2132,2149,2141,2132,2147,2102,2118,2127,2131,2058,2142,2148,2149,2101,2102,2117,2108,2132,2115,2127,1
2100,2115,2106,2113,2088,2099,2137,2138,2107,2088,2120,2132,2150,2142,2132,2148,2101,2117,2129,2133,2059,2143,2148,2153,2101,2103,2115,2107,2132,2114,2128,1
2099,2109,2106,2112,2088,2099,2137,2138,2106,2088,2122,2132,2149,2140,2132,2149,2102,2117,2129,2132,2056,2143,2147,2150,2101,2101,2115,2108,2131,2116,2128,1
2100,2109,2108,2113,2089,2098,2138,2138,2106,2089,2121,2132,2150,2141,2131,2150,2101,2116,2128,2132,2058,2143,2148,2150,2101,2102,2115,2107,2134,2116,2128,1
2099,2104,2106,2113,2088,2099,2137,2137,2106,2087,2122,2134,2150,2142,2133,2149,2102,2117,2127,2133,2056,2140,2147,2149,2101,2101,2115,2108,2131,2113,2128,1
2098,2116,2107,2113,2088,2100,2137,2137,2106,2089,2122,2132,2149,2141,2131,2148,2101,2117,2129,2134,2056,2143,2147,2151,2101,2101,2115,2108,2132,2116,2128,1
2099,2107,2107,2113,2088,2099,2137,2138,2106,2088,2121,2132,2150,2142,2133,2148,2101,2116,2129,2140,2057,2145,2148,2151,2100,2103,2115,2108,2133,2116,2128,1
2099,2108,2108,2115,2088,2101,2137,2138,2106,2092,2122,2133,2151,2141,2131,2149,2101,2118,2130,2133,2057,2143,2148,2150,2101,2103,2115,2108,2132,2116,2127,1
2099,2108,2107,2113,2089,2100,2138,2137,2106,2087,2121,2133,2150,2143,2132,2147,2101,2115,2130,2132,2058,2145,2147,2151,2101,2101,2113,2109,2132,2115,2128,1
2099,2109,2106,2115,2088,2098,2137,2138,2106,2089,2121,2135,2151,2142,2133,2149,2101,2114,2130,2133,2058,2144,2148,2151,2101,2101,2114,2108,2132,2117,2128,1
2099,2115,2107,2115,2089,2100,2137,2138,2106,2090,2121,2135,2150,2143,2133,2150,2101,2115,2129,2131,2058,2145,2148,2151,2101,2101,2115,2106,2132,2116,2128,1
2099,2108,2107,2114,2088,2100,2138,2138,2106,2089,2121,2134,2151,2141,2132,2149,2101,2119,2131,2133,2057,2145,2148,2151,2101,2101,2115,2109,2132,2116,2129,1
2099,2113,2107,2114,2088,2094,2138,2137,2106,2091,2122,2133,2151,2138,2132,2149,2101,2116,2129,2133,2059,2143,2148,2150,2100,2102,2114,2108,2132,2115,2129,1
2099,2108,2106,2112,2089,2099,2138,2139,2107,2091,2121,2133,2150,2142,2133,2150,2102,2115,2129,2133,2058,2145,2148,2152,2101,2102,2115,2109,2133,2116,2128,1
2099,2108,2106,2114,2087,2100,2138,2137,2106,2090,2122,2136,2150,2141,2133,2149,2101,2116,2130,2133,2059,2144,2148,2150,2101,2102,2115,2108,2132,2115,2128,1
2098,2108,2107,2113,2089,2099,2137,2138,2106,2090,2121,2135,2150,2144,2132,2149,2101,2117,2129,2133,2058,2145,2148,2151,2101,2101,2115,2109,2134,2116,2128,1
2099,2109,2108,2113,2088,2100,2137,2139,2106,2087,2122,2134,2150,2140,2133,2150,2101,2116,2129,2133,2058,2145,2148,2152,2101,2102,2115,2108,2132,2116,2128,1
2099,2109,2106,2113,2088,2100,2138,2138,2106,2089,2121,2135,2150,2142,2132,2149,2101,2120,2130,2133,2056,2145,2147,2151,2101,2103,2115,2110,2134,2117,2128,1
2099,2115,2107,2112,2088,2100,2138,2138,2107,2091,2121,2132,2151,2141,2133,2149,2101,2117,2129,2133,2058,2145,2149,2151,2101,2101,2116,2109,2132,2114,2129,1
2099,2108,2108,2114,2090,2100,2137,2139,2107,2087,2122,2134,2151,2142,2133,2152,2101,2118,2129,2132,2057,2144,2147,2150,2101,2101,2115,2108,2132,2116,2129,1
2100,2109,2106,2114,2088,2099,2138,2138,2106,2090,2123,2135,2152,2143,2133,2149,2102,2117,2130,2133,2057,2142,2148,2151,2101,2101,2117,2110,2133,2116,2129,1
2099,2108,2107,2114,2089,2100,2138,2138,2107,2092,2121,2134,2150,2142,2133,2150,2101,2115,2130,2134,2057,2145,2147,2152,2100,2101,2115,2110,2133,2116,2129,1
2099,2107,2107,2114,2088,2099,2138,2138,2106,2086,2121,2133,2150,2142,2133,2149,2102,2116,2130,2133,2057,2143,2149,2152,2101,2101,2115,2108,2133,2116,2129,1
2100,2109,2107,2114,2088,2099,2137,2138,2106,2087,2122,2134,2151,2142,2133,2148,2102,2117,2130,2132,2057,2145,2149,2151,2101,2101,2115,2109,2132,2116,2128,1
2100,2108,2107,2115,2087,2101,2137,2138,2106,2092,2123,2135,2153,2137,2133,2149,2101,2117,2130,2134,2059,2144,2148,2151,2101,2103,2115,2109,2134,2116,2129,1
2099,2104,2107,2114,2088,2100,2138,2138,2106,2087,2122,2135,2151,2143,2133,2150,2101,2116,2130,2133,2058,2146,2149,2150,2101,2101,2115,2108,2134,2117,2128,1
