2099,2096,2086,1974,2084,2074,2118,2115,2099,2120,2107,2118,2132,2136,2124,2128,2098,2094,2034,2141,2072,2144,2136,2142,2100,2099,2100,2093,2115,2110,2114,2
2098,2097,2087,1968,2080,2075,2117,2115,2098,2112,2106,2118,2132,2139,2124,2129,2098,2092,2027,2141,2067,2145,2137,2144,2102,2098,2097,2093,2115,2110,2114,2
2098,2097,2082,1967,2073,2075,2119,2117,2099,2111,2107,2118,2134,2138,2124,2129,2099,2091,2021,2140,2056,2145,2138,2147,2101,2098,2096,2094,2116,2111,2115,2
2099,2096,2082,1965,2056,2076,2121,2119,2099,2110,2106,2118,2134,2139,2127,2131,2097,2091,2021,2141,2028,2145,2140,2151,2101,2099,2096,2094,2118,2111,2117,2
2099,2098,2080,1966,2053,2076,2121,2119,2099,2108,2105,2118,2134,2139,2128,2131,2097,2089,2021,2141,2022,2145,2141,2152,2101,2099,2096,2092,2118,2110,2117,2
2099,2096,2080,1966,2046,2075,2123,2121,2100,2105,2106,2119,2135,2140,2128,2131,2098,2092,2021,2143,2013,2145,2144,2156,2101,2100,2096,2094,2117,2111,2118,2
2099,2096,2083,1965,2043,2076,2122,2121,2098,2110,2107,2121,2136,2140,2129,2131,2098,2093,2022,2143,2008,2146,2142,2157,2101,2099,2096,2093,2117,2113,2118,2
2099,2096,2079,1967,1968,2079,2128,2129,2099,2114,2107,2124,2142,2144,2136,2137,2098,2093,2023,2144,1941,2151,2150,2168,2102,2101,2096,2095,2121,2115,2122,2
2098,2097,2081,1965,1952,2079,2130,2131,2098,2116,2107,2126,2143,2147,2138,2141,2099,2092,2027,2147,1922,2150,2154,2171,2101,2098,2097,2094,2123,2117,2126,2
2098,2097,2081,1967,1955,2080,2130,2131,2099,2119,2107,2382,2144,2147,2139,2142,2098,2093,2027,2146,1920,2150,2153,2172,2100,2100,2096,2094,2122,2117,2125,2
2098,2096,2085,1967,1971,2080,2130,2133,2100,2128,2106,2129,2145,2149,2139,2142,2099,2093,2033,2145,1920,2150,2155,2174,2100,2100,2099,2094,2123,2118,2126,2
2099,2098,2088,1978,2008,2080,2131,2131,2100,2148,2107,2130,2146,2148,2141,2143,2098,2095,2065,2146,1934,2154,2158,2174,2101,2101,2101,2094,2125,2119,2126,2
2098,2097,2094,2025,2046,2076,2130,2130,2100,2162,2108,2131,2148,2153,2143,2145,2098,2097,2125,2147,1963,2152,2159,2176,2101,2100,2103,2096,2125,2119,2127,2
2099,2098,2094,2037,2054,2075,2129,2129,2100,2167,2108,2132,2149,2153,2143,2146,2099,2096,2139,2149,1969,2153,2160,2177,2101,2099,2103,2094,2123,2119,2128,2
2099,2097,2095,2063,2064,2073,2129,2128,2101,2173,2108,2132,2150,2156,2145,2147,2099,2097,2163,2149,1985,2152,2162,2178,2102,2101,2104,2093,2126,2120,2127,2
2098,2097,2096,2096,2075,2076,2126,2125,2100,2178,2108,2134,2152,2157,2147,2148,2099,2099,2194,2149,2015,2152,2162,2178,2101,2100,2102,2093,2125,2122,2129,2
2099,2097,2096,2112,2078,2078,2125,2123,2099,2177,2109,2136,2154,2159,2147,2150,2099,2097,2205,2149,2023,2153,2164,2179,2102,2101,2105,2094,2126,2122,2129,2
2098,2097,2097,2154,2083,2087,2123,2120,2100,2183,2109,2137,2154,2160,2150,2151,2098,2097,2232,2151,2043,2154,2165,2180,2100,2099,2105,2094,2127,2123,2129,2
2099,2097,2098,2209,2092,2124,2120,2117,2101,2187,2108,2136,2155,2161,2152,2155,2098,2100,2271,2150,2071,2154,2165,2180,2101,2099,2105,2093,2127,2122,2131,2
2099,2097,2099,2222,2095,2139,2119,2116,2100,2186,2109,2138,2157,2163,2151,2154,2099,2097,2282,2147,2079,2154,2165,2181,2101,2101,2105,2091,2127,2124,2130,2
2099,2097,2098,2244,2098,2172,2118,2112,2100,2190,2109,2140,2157,2164,2154,2157,2098,2097,2298,2151,2089,2153,2164,2180,2101,2101,2107,2094,2128,2123,2131,2
2099,2098,2099,2265,2100,2225,2117,2107,2100,2192,2107,2137,2160,2166,2155,2158,2099,2099,2318,2148,2101,2152,2165,2179,2102,2100,2107,2092,2129,2125,2131,2
2099,2097,2101,2283,2105,2289,2114,2113,2100,2199,2107,2138,2160,2167,2158,2161,2098,2097,2333,2149,2109,2152,2162,2176,2102,2100,2108,2100,2128,2124,2132,2
2099,2097,2101,2289,2104,2298,2113,2133,2100,2202,2107,2138,2159,2168,2158,2161,2099,2099,2336,2149,2110,2152,2163,2176,2100,2100,2106,2103,2128,2125,2131,2
2099,2098,2101,2295,2106,2311,2080,2175,2100,2202,2108,2139,2162,2170,2159,2162,2098,2097,2340,2149,2114,2151,2161,2174,2102,2100,2107,2111,2129,2125,2131,2
2099,2098,2101,2307,2105,2325,2131,2243,2100,2204,2109,2140,2160,2171,2161,2162,2097,2100,2347,2147,2116,2148,2159,2173,2101,2101,2108,2127,2127,2125,2132,2
2099,2098,2102,2308,2106,2327,2151,2258,2100,2206,2108,2140,2162,2172,2162,2162,2098,2100,2350,2147,2117,2141,2159,2172,2101,2101,2108,2139,2128,2125,2131,2
2098,2097,2102,2569,2106,2336,2190,2285,2101,2208,2107,2140,2161,2172,2162,2163,2099,2100,2350,2147,2119,2128,2157,2169,2101,2101,2109,2152,2127,2126,2131,2
2099,2097,2103,2319,2107,2344,2232,2311,2101,2209,2110,2140,2163,2173,2164,2165,2098,2101,2356,2147,2119,2065,2157,2167,2101,2101,2109,2178,2127,2127,2131,2
2099,2098,2102,2321,2108,2346,2240,2316,2099,2209,2107,2141,2162,2171,2164,2163,2099,2100,2357,2144,2119,2048,2155,2166,2101,2101,2109,2188,2127,2127,2131,2
2099,2097,2102,2323,2109,2350,2252,2325,2102,2209,2108,2140,2163,2174,2164,2165,2098,2100,2359,2141,2121,2020,2155,2166,2101,2100,2110,2206,2126,2126,2132,2
2099,2098,2103,2325,2107,2352,2261,2331,2101,2208,2110,2139,2163,2174,2166,2165,2099,2101,64775,64651,64577,64609,64691,64887,2102,2101,2109,2219,2128,2126,2131,2
2099,2096,2103,2317,2104,2277,2087,2221,2101,2208,2110,2143,2167,2180,2172,2170,2099,2100,2355,2137,2109,1981,2161,2171,2101,2102,2109,2152,2130,2129,2134,2
2098,2097,2104,2317,2103,2274,2084,2216,2101,2210,2106,2142,2168,2180,2171,2170,2098,2100,2355,2139,2111,1984,2160,2170,2101,2101,2109,2150,2130,2130,2134,2
2099,2097,2103,2317,2103,2267,2081,2209,2100,2208,2110,2142,2168,2183,2171,2171,2099,2101,2353,2138,2109,1988,2162,2171,2102,2101,2109,2148,2130,2130,2135,2
2098,2099,2103,2569,2104,2265,2078,2200,2100,2213,2111,2143,2169,2178,2172,2171,2099,2101,2352,2137,2108,1992,2163,2170,2103,2100,2109,2142,2128,2131,2136,2
2099,2098,2102,2058,2103,2264,2078,2200,2100,2208,2114,2143,2169,2179,2173,2172,2099,2101,2352,2139,2109,1990,2164,2170,2101,2100,2110,2142,2129,2131,2135,2
2098,2099,2103,2569,2103,2264,2078,2203,2101,2208,2109,2143,2170,2182,2173,2172,2098,2100,2353,2140,2109,1992,2162,2171,2102,2101,2109,2144,2130,2131,2136,2
2099,2098,2103,2315,2104,2269,2080,2209,2100,2210,2111,2142,2170,2183,2176,2173,2098,2101,2352,2138,2109,1993,2163,2171,2101,2101,2110,2148,2129,2133,2135,2
2099,2098,2105,2316,2105,2271,2081,2211,2101,2209,2107,2143,2171,2182,2175,2173,2099,2102,2353,2139,2109,1994,2163,2172,2102,2100,2107,2147,2129,2130,2136,2
2099,2098,2102,2315,2105,2274,2082,2215,2100,2210,2109,2144,2171,2183,2175,2173,2099,2100,2351,2139,2109,1993,2164,2171,2101,2100,2110,2149,2129,2132,2136,2
2099,2098,2103,2315,2105,2277,2083,2215,2101,2210,2110,2142,2173,2184,2175,2173,2098,2101,2353,2139,2110,1995,2165,2172,2101,2100,2109,2150,2130,2131,2136,2
2099,2098,2103,2315,2104,2272,2079,2207,2100,2212,2110,2145,2170,2186,2176,2175,2099,2101,2353,2141,2109,1997,2164,2171,2103,2100,2110,2147,2129,2133,2138,2
2099,2097,2103,2316,2103,2271,2079,2203,2101,2209,2108,2143,2171,2186,2178,2174,2098,2100,2353,2139,2109,1997,2165,2172,2101,2100,2110,2146,2130,2132,2137,2
2099,2099,2103,2569,2103,2266,2077,2194,2101,2212,2110,2144,2171,2186,2176,2174,2099,2100,2352,2140,2110,1997,2164,2172,2102,2102,2109,2144,2130,2134,2138,2
2099,2098,2103,2312,2103,2258,2075,2183,2101,2208,2111,2144,2172,2185,2177,2175,2099,2101,2352,2140,2108,2000,2166,2173,2102,2100,2110,2139,2130,2133,2138,2
2099,2098,2104,2312,2103,2257,2074,2179,2101,2208,2110,2144,2174,2187,2178,2174,2099,2101,2351,2139,2108,1999,2166,2172,2102,2100,2108,2136,2130,2133,2139,2
2099,2098,2102,2312,2104,2253,2073,2171,2101,2208,2105,2143,2174,2186,2177,2176,2099,2101,2350,2141,2108,2000,2166,2173,2100,2100,2109,2136,2131,2133,2139,2
2099,2098,2103,2311,2103,2247,2073,2163,2100,2209,2109,2145,2175,2188,2178,2176,2098,2100,2350,2142,2109,2001,2167,2174,2102,2100,2109,2132,2131,2134,2138,2
2099,2098,2103,2310,2103,2245,2072,2159,2101,2208,2110,2142,2174,2187,2180,2177,2098,2101,2348,2141,2108,2000,2167,2174,2100,2101,2108,2130,2131,2134,2139,2
2099,2098,2103,2311,2102,2244,2071,2155,2101,2202,2110,2144,2174,2188,2179,2178,2099,2100,2349,2142,2107,2003,2167,2175,2102,2101,2109,2131,2131,2133,2139,2
2099,2098,2103,2309,2103,2239,2072,2149,2101,2209,2112,2146,2175,2186,2181,2178,2099,2101,2347,2141,2107,2003,2169,2175,2102,2101,2110,2128,2131,2133,2139,2
2099,2097,2102,2308,2103,2238,2071,2141,2101,2207,2106,2146,2174,2190,2181,2179,2098,2100,2347,2143,2107,2004,2168,2175,2100,2100,2109,2126,2132,2135,2140,2
2098,2097,2103,2309,2103,2238,2072,2140,2100,2210,2110,2146,2175,2190,2182,2179,2098,2100,2347,2142,2108,2005,2168,2175,2101,2101,2109,2124,2131,2135,2140,2
2099,2098,2102,2307,2103,2237,2070,2136,2100,2206,2107,2144,2177,2190,2181,2179,2099,2100,2344,2143,2105,2006,2170,2176,2102,2101,2108,2124,2131,2135,2141,2
2099,2097,2102,2305,2104,2241,2070,2134,2101,2207,2107,2146,2176,2191,2182,2179,2099,2100,2343,2143,2107,2007,2170,2176,2101,2101,2109,2121,2133,2135,2141,2
2099,2098,2101,2305,2103,2240,2071,2132,2100,2203,2111,2145,2177,2190,2182,2180,2099,2101,2344,2142,2106,2006,2171,2176,2100,2100,2109,2120,2131,2136,2141,2
2099,2099,2103,2306,2104,2242,2070,2131,2101,2207,2111,2146,2177,2191,2183,2180,2099,2100,2342,2143,2106,2006,2171,2176,2101,2100,2110,2120,2132,2135,2142,2
2099,2098,2102,2302,2103,2238,2069,2116,2101,2205,2109,2146,2178,2192,2183,2182,2099,2101,2340,2143,2106,2009,2173,2179,2102,2100,2108,2113,2135,2137,2142,2
2099,2098,2102,2301,2104,2242,2070,2118,2101,2204,2111,2147,2179,2192,2184,2182,2099,2101,2341,2143,2108,2010,2171,2177,2102,2100,2107,2113,2134,2137,2143,2
2098,2097,2103,2303,2104,2244,2071,2119,2101,2205,2111,2146,2179,2194,2185,2183,2099,2099,2341,2144,2108,2009,2171,2179,2101,2101,2108,2115,2132,2138,2143,2
2099,2097,2103,2302,2104,2249,2070,2118,2100,2206,2109,2147,2179,2194,2184,2183,2099,2100,2341,2143,2109,2011,2171,2179,2101,2101,2109,2114,2133,2137,2143,2
2099,2099,2102,2301,2104,2250,2071,2119,2100,2205,2111,2146,2179,2192,2187,2184,2099,2101,2341,2143,2108,2010,2173,2178,2102,2100,2109,2116,2133,2138,2144,2
2099,2098,2102,2301,2103,2252,2070,2120,2101,2206,2109,2148,2180,2194,2185,2184,2099,2101,2341,2143,2109,2011,2173,2179,2101,2102,2110,2115,2134,2139,2143,2
2099,2098,2102,2301,2104,2253,2071,2123,2101,2205,2109,2148,2180,2196,2187,2184,2098,2099,2342,2143,2109,2011,2171,2179,2101,2101,2109,2115,2134,2138,2143,2
2099,2098,2103,2303,2104,2251,2070,2124,2100,2208,2111,2150,2181,2195,2186,2185,2099,2100,2342,2143,2109,2010,2174,2179,2102,2099,2109,2116,2134,2138,2144,2
2099,2098,2102,2303,2104,2251,2069,2125,2101,2207,2111,2146,2181,2197,2187,2185,2098,2101,2342,2144,2108,2012,2173,2180,2101,2100,2109,2118,2133,2139,2143,2
2098,2098,2103,2303,2104,2249,2070,2123,2098,2207,2112,2149,2181,2196,2187,2184,2098,2101,2343,2144,2109,2012,2174,2179,2101,2101,2109,2116,2135,2139,2144,2
2099,2098,2103,2303,2103,2246,2071,2122,2100,2206,2109,2148,2181,2197,2188,2184,2099,2101,2341,2143,2108,2012,2174,2179,2100,2101,2109,2116,2135,2138,2144,2
2098,2098,2102,2303,2104,2245,2070,2123,2100,2209,2111,2148,2182,2200,2188,2186,2099,2101,2343,2144,2108,2012,2174,2180,2101,2101,2106,2116,2134,2138,2146,2
2098,2097,2102,2303,2103,2245,2070,2124,2100,2206,2105,2148,2181,2197,2188,2186,2098,2100,2343,2145,2108,2013,2173,2180,2101,2101,2108,2118,2133,2138,2145,2
2098,2097,2103,2303,2105,2245,2070,2123,2100,2209,2112,2148,2182,2199,2190,2187,2099,2099,2342,2143,2107,2012,2174,2179,2101,2101,2109,2117,2135,2139,2145,2
2099,2097,2103,2303,2103,2243,2071,2123,2101,2206,2110,2148,2182,2201,2190,2187,2098,2100,2343,2144,2108,2013,2173,2180,2101,2101,2109,2120,2135,2138,2145,2
2099,2097,2102,2303,2103,2245,2070,2123,2101,2207,2107,2148,2184,2199,2188,2187,2098,2101,2343,2145,2107,2013,2174,2180,2101,2100,2109,2120,2135,2139,2145,2
2099,2097,2103,2302,2103,2246,2070,2122,2101,2206,2107,2150,2182,2199,2190,2187,2099,2100,2341,2144,2108,2014,2175,2181,2101,2101,2108,2118,2135,2139,2144,2
2099,2099,2102,2301,2104,2245,2071,2121,2102,2206,2109,2148,2183,2198,2189,2188,2098,2101,2341,2144,2109,2015,2174,2181,2102,2100,2109,2117,2135,2140,2147,2
2099,2098,2102,2301,2103,2244,2070,2120,2102,2210,2112,2150,2182,2198,2190,2187,2099,2101,2341,2143,2107,2015,2175,2181,2102,2100,2108,2117,2136,2139,2146,2
2099,2098,2102,2302,2103,2245,2070,2120,2101,2205,2110,2150,2183,2199,2191,2188,2099,2099,2342,2143,2107,2014,2175,2180,2101,2101,2109,2116,2136,2141,2146,2
2098,2099,2102,2302,2104,2247,2070,2120,2100,2206,2112,2149,2183,2201,2191,2189,2099,2100,2340,2143,2107,2016,2176,2180,2101,2101,2109,2117,2135,2141,2146,2
2098,2098,2102,2301,2104,2249,2070,2121,2100,2206,2108,2152,2183,2200,2191,2189,2098,2100,2342,2143,2108,2015,2175,2182,2102,2100,2108,2116,2135,2141,2147,2
2098,2097,2101,2302,2103,2249,2070,2121,2100,2210,2111,2150,2184,2202,2191,2189,2099,2100,2341,2144,2107,2015,2176,2181,2101,2100,2108,2117,2135,2141,2147,2
2098,2098,2102,2302,2105,2251,2070,2123,2099,2208,2110,2148,2185,2200,2192,2189,2099,2100,2341,2145,2108,2016,2176,2181,2101,2101,2110,2118,2137,2141,2146,2
2099,2097,2102,2302,2105,2251,2070,2122,2101,2206,2107,2150,2186,2200,2191,2188,2099,2100,2341,2144,2109,2016,2175,2182,2102,2100,2109,2118,2135,2142,2148,2
2099,2098,2103,2302,2103,2250,2070,2124,2100,2204,2111,2150,2185,2198,2193,2190,2098,2100,2341,2144,2107,2015,2176,2183,2102,2101,2109,2119,2135,2139,2148,2
2099,2098,2101,2303,2104,2260,2071,2132,2100,2209,2113,2149,2185,2203,2194,2190,2099,2100,2343,2145,2109,2018,2176,2182,2101,2099,2108,2121,2137,2142,2148,2
2099,2097,2102,2303,2104,2260,2072,2132,2100,2207,2111,2152,2187,2202,2193,2191,2099,2100,2343,2145,2108,2017,2177,2181,2101,2099,2109,2120,2136,2141,2147,2
2098,2098,2102,2303,2104,2261,2072,2134,2101,2208,2111,2152,2185,2200,2194,2191,2099,2100,2343,2145,2109,2018,2176,2181,2100,2100,2109,2122,2136,2141,2148,2
2098,2098,2102,2302,2104,2261,2072,2134,2100,2207,2111,2152,2186,2201,2195,2192,2098,2099,2345,2144,2108,2017,2177,2182,2102,2100,2108,2127,2136,2142,2148,2
2099,2098,2102,2303,2104,2263,2071,2132,2102,2208,2112,2152,2186,2202,2194,2191,2099,2100,2345,2145,2109,2019,2178,2183,2102,2100,2109,2123,2136,2142,2149,2
2099,2098,2102,2303,2104,2264,2071,2130,2101,2208,2111,2151,2186,2202,2194,2192,2099,2100,2344,2145,2108,2019,2177,2183,2101,2100,2109,2124,2136,2143,2148,2
2099,2099,2102,2302,2104,2265,2071,2128,2100,2206,2107,2151,2186,2202,2194,2192,2099,2100,2343,2145,2109,2018,2177,2183,2101,2101,2108,2123,2137,2141,2149,2
2099,2097,2103,2301,2104,2264,2071,2124,2101,2206,2111,2152,2188,2204,2195,2192,2098,2100,2343,2145,2109,2020,2178,2183,2101,2100,2109,2120,2137,2142,2149,2
2099,2097,2103,2301,2103,2265,2071,2121,2100,2208,2111,2152,2188,2205,2195,2193,2098,2100,2343,2147,2110,2019,2177,2183,2101,2100,2109,2120,2138,2141,2149,2
2098,2098,2102,2301,2105,2266,2070,2120,2100,2206,2109,2151,2187,2204,2195,2192,2099,2100,2342,2147,2109,2019,2178,2183,2102,2099,2111,2121,2138,2142,2149,2
2099,2096,2101,2300,2104,2268,2070,2120,2100,2206,2111,2151,2188,2206,2195,2194,2099,2100,2340,2145,2109,2019,2178,2183,2100,2101,2106,2119,2137,2142,2150,2
2099,2097,2102,2300,2104,2270,2070,2121,2101,2206,2111,2152,2188,2203,2196,2193,2098,2100,2341,2146,2110,2019,2177,2183,2102,2100,2108,2120,2139,2143,2150,2
2098,2098,2103,2300,2104,2272,2070,2123,2101,2206,2109,2153,2190,2206,2196,2192,2099,2100,2342,2146,2109,2019,2180,2184,2101,2100,2108,2120,2139,2143,2150,2
2098,2098,2102,2300,2106,2273,2069,2124,2100,2206,2111,2153,2188,2205,2197,2194,2099,2100,2341,2145,2111,2020,2177,2183,2101,2101,2109,2121,2138,2142,2149,2
2098,2096,2102,2301,2105,2273,2070,2128,2101,2206,2112,2153,2187,2204,2197,2194,2099,2100,2344,2147,2110,2020,2179,2183,2101,2099,2110,2122,2139,2143,2150,2
